Forest start
90.60000000000001
72.0


90.0
70.1


92.30000000000001
72.2


92.10000000000001
72.7


92.2
72.8


[0, 0, 0, 0, 0, 0, 0, 0, 0, 0, 0, 0, 0, 0, 0, 0, 0, 0, 0, 0, 0, 0, 0, 0, 0, 0, 0, 0, 0, 0, 0, 7, 0, 0, 0, 0, 0, 0, 0, 0, 0, 0, 0, 0, 0, 0, 0, 0, 0, 0, 0, 0, 0, 10, 9, 0, 0, 0, 0, 0, 0, 0, 12, 0, 0, 8, 0, 0, 0, 0, 0, 0, 0, 0, 0, 0, 0, 0, 0, 0, 0, 0, 7, 0, 7, 8, 0, 0, 0, 0, 0, 0, 0, 0, 0, 0, 0, 0, 15, 0, 5, 0, 0, 0, 15, 0, 0, 0, 0, 0, 0, 0, 0, 0, 0, 0, 0, 0, 0, 0, 0, 0, 0, 8, 0, 14, 0, 0, 0, 0, 0, 0, 0, 0, 0, 0, 0, 0, 0, 0, 0, 0, 0, 0, 10, 0, 0, 0, 0, 0, 0, 0, 0, 13, 0, 0, 13, 0, 0, 0, 0, 13, 0, 20, 0, 0, 0, 0, 0, 0, 0, 0, 0, 0, 0, 0, 0, 0, 0, 0, 0, 0, 0, 0, 0, 0, 0, 0, 0, 0, 0, 0, 0, 0, 0, 0, 0, 0, 0, 0, 0, 0, 0, 0, 0, 0, 0, 0, 0, 0, 0, 0, 0, 0, 0, 0, 0, 0, 0, 0, 0, 11, 0, 54, 0, 0, 0, 0, 0, 0, 0, 0, 34, 0, 0, 0, 0, 0, 0, 0, 5, 0, 0, 0, 0, 0, 0, 0, 0, 0, 0, 0, 0, 0, 0, 0, 0, 0, 0, 0, 0, 0, 0, 0, 0, 0, 0, 0, 12, 11, 0, 10, 0, 0, 0, 1, 16, 0, 0, 0, 0, 0, 0, 0, 0, 0, 0, 0, 0, 0, 13, 0, 0, 0, 0, 0, 14, 0, 0, 0, 0, 0, 0, 0, 0, 0, 0, 0, 0, 0, 0, 0, 0, 0, 0, 0, 0, 0, 0, 0, 0, 0, 0, 0, 0, 0, 0, 0, 0, 0, 0, 5, 0, 0, 0, 0, 0, 0, 11, 0, 0, 0, 0, 0, 0, 8, 0, 0, 0, 0, 0, 0, 0, 0, 1, 0, 0, 0, 0, 11, 0, 0, 0, 0, 0, 0, 0, 18, 0, 0, 0, 0, 0, 0, 0, 0, 0, 0, 0, 0, 0, 0, 0, 0, 2, 0, 0, 0, 0, 0, 1, 0, 0, 0, 0, 0, 0, 0, 0, 0, 0, 0, 0, 0, 0, 0, 0, 0, 0, 0, 0, 0, 0, 0, 6, 0, 0, 23, 0, 0, 0, 0, 0, 12, 0, 0, 0, 0, 0, 0, 0, 0, 0, 0, 0, 0, 0, 0, 0, 0, 0, 0, 0, 0, 0, 0, 0, 0, 0, 13, 0, 0, 0, 0, 0, 0, 0, 0, 0, 0, 0, 0, 0, 0, 0, 0, 0, 0, 0, 14, 0, 0, 10, 0, 0, 0, 15, 0, 0, 11, 0, 0, 0, 0, 0, 0, 0, 0, 0, 13, 0, 0, 0, 0, 0, 0, 0, 0, 0, 0, 0, 0, 0, 0, 0, 0, 0, 0, 0, 0, 0, 0, 0, 0, 0, 0, 0, 0, 9, 0, 14, 0, 0, 0, 0, 0, 0, 0, 0, 0, 0, 0, 0, 0, 8, 0, 0, 15, 0, 0, 0, 16, 0, 0, 0, 0, 0, 0, 0, 0, 0, 0, 4, 0, 0, 0, 0, 0, 0, 0, 0, 0, 0, 0, 0, 0, 0, 0, 0, 0, 0, 0, 0, 0, 0, 0, 0, 0, 8, 0, 0, 0, 0, 9, 0, 0, 0, 0, 0, 0, 0, 0, 0, 0, 0, 0, 0, 0, 0, 0, 0, 0, 0, 0, 0, 0, 0, 0, 0, 0, 0, 0, 0, 0, 0, 0, 0, 0, 0, 0, 0, 0, 12, 0, 0, 0, 0, 0, 0, 0, 0, 12, 0, 0, 0, 0, 0, 0, 0, 0, 0, 0, 0, 0, 0, 0, 0, 0, 0, 0, 0, 0, 0, 0, 0, 0, 0, 0, 0, 0, 0, 0, 0, 0, 0, 0, 0, 5, 0, 0, 0, 16, 0, 0, 0, 0, 0, 0, 0, 0, 0, 0, 0, 0, 11, 0, 0, 0, 0, 0, 0, 0, 0, 0, 0, 0, 0, 12, 0, 0, 0, 0, 0, 0, 0, 0, 0, 0, 0, 0, 0, 0, 8, 0, 0, 0, 0, 0, 0, 0, 0, 0, 0, 0, 0, 0, 17, 0, 0, 0, 0, 0, 11, 0, 0, 0, 0, 0, 6, 0, 0, 0, 0, 0, 0, 0, 6, 0, 0, 0, 0, 0, 0, 0, 0, 0, 0, 0, 0, 0, 0, 0, 0, 0, 0, 0, 0, 0, 0, 0, 0, 0, 0, 0, 8, 0, 0, 0, 0, 0, 0, 0, 0, 0, 0, 0, 0, 0, 0, 12, 0, 0, 0, 0, 0, 0, 0, 0, 0, 0, 4, 0, 0, 0, 0, 0, 0, 0, 0, 0, 0, 0, 0, 0, 8, 0, 0, 0, 0, 0, 0, 0, 0, 11, 0, 0, 13, 0, 0, 0, 0, 0, 0, 0, 0, 0, 0, 0, 0, 0, 0, 7, 0, 0, 5, 0, 0, 0, 0, 0, 0, 0, 0, 0, 0, 0, 0, 0, 0, 0, 0, 0, 0, 0, 0, 0, 0, 16, 0, 0, 0, 0, 12, 0, 0, 0, 0, 0, 0, 0, 7, 0, 0, 0, 0, 0, 0, 0, 0, 0, 0, 0, 0, 0, 0, 0, 0, 0, 0, 0, 9, 0, 0, 0, 0, 0, 0, 0, 0, 13, 0, 0, 0, 0, 0, 0, 0, 0, 0, 0, 0, 0, 0, 0, 0, 0, 0, 0, 0, 0, 0, 0, 0, 0, 0, 0, 0, 11, 0, 0, 0, 0, 0, 0, 0, 0, 0, 0, 0, 0, 0, 0, 0, 0, 0, 0, 0, 0, 0, 0, 0, 0, 0, 0, 0, 0, 0, 0, 0, 8, 0, 0, 0, 15, 0, 0, 0, 0, 0, 0, 0, 0, 0, 0, 0, 0, 0, 0, 0, 0, 0, 0, 0, 0, 0, 0, 0, 0, 0, 0, 0, 0, 0, 0, 0, 0, 0, 0, 0, 0, 0, 0, 0, 0, 4, 0, 0, 0, 0, 0, 7, 0, 0, 0, 0, 0, 6, 0, 0, 0, 0, 0, 0, 0, 0, 0, 0, 0, 0, 0, 0, 0, 0, 0, 0, 0, 0, 0, 0, 0, 0, 0, 0, 0, 0, 0, 0, 0, 0, 0, 0, 0, 0, 0, 0, 0, 0, 0, 0, 0, 0, 4, 0, 0, 0, 0, 0, 0, 0, 0, 0, 0, 9, 0, 0, 0, 0, 0, 0, 0, 0, 0, 0, 0, 0, 0, 0, 0, 0, 0, 0, 0, 0, 0, 0, 0, 0, 0, 0, 0, 0, 0, 6, 0, 0, 0, 0, 0, 0, 0, 0, 0, 0, 0, 0, 3, 0, 0, 0, 0, 6, 0, 0, 0, 14, 0, 0, 0, 0, 0, 5, 6, 0, 0, 0, 0, 0, 0, 0, 0, 0, 0, 0, 0, 11, 0, 0, 0, 0, 0, 0, 4, 0, 0, 0, 0, 0, 0, 0, 0, 0, 0, 0, 0, 0, 0, 0, 0, 0, 0, 0, 0, 0, 0, 0, 0, 14, 14, 0, 16, 0, 0, 0, 0, 0, 0, 0, 0, 0, 0, 0, 0, 0, 0, 0, 0, 0, 0, 0, 0, 0, 0, 0, 0, 0, 0, 0, 0, 0, 0, 0, 0, 0, 0, 0, 0, 0, 0, 0, 0, 0, 0, 0, 0, 0, 0, 0, 0, 0, 0, 0, 0, 0, 0, 0, 0, 0, 0, 0, 0, 0, 0, 0, 0, 3, 0, 11, 0, 0, 0, 0, 0, 0, 0, 0, 0, 0, 0, 0, 0, 0, 0, 0, 0, 0, 0, 0, 0, 0, 0, 0, 0, 0, 0, 0, 0, 0, 0, 0, 0, 0, 0, 0, 0, 0, 0, 0, 0, 0, 0, 0, 0, 0, 0, 0, 0, 0, 0, 0, 0, 0, 0, 0, 0, 0, 0, 0, 0, 10, 0, 0, 0, 0, 0, 0, 4, 0, 0, 0, 0, 0, 0, 10, 0, 0, 0, 7, 0, 0, 0, 0, 0, 0, 0, 0, 0, 0, 0, 0, 0, 5, 0, 0, 0, 0, 0, 0, 0, 0, 0, 0, 0, 0, 0, 0, 0, 0, 0, 0, 11, 0, 19, 0, 0, 0, 0, 0, 0, 0, 0, 0, 0, 12, 0, 0, 9, 0, 0, 0, 0, 0, 0, 0, 0, 0, 0, 0, 0, 0, 0, 0, 0, 0, 0, 0, 0, 0, 0, 0, 0, 0, 0, 0, 0, 0, 0, 0, 0, 0, 0, 0, 0, 0, 0, 0, 0, 0, 19, 0, 0, 0, 0, 0, 0, 0, 0, 5, 0, 0, 0, 0, 0, 0, 0, 0, 0, 0, 0, 0, 0, 0, 0, 0, 0, 0, 0, 0, 0, 0, 0, 0, 0, 0, 3, 0, 0, 0, 0, 0, 0, 0, 0, 0, 0, 0, 0, 0, 0, 0, 0, 0, 0, 0, 0, 0, 0, 0, 0, 0, 0, 0, 0, 0, 0, 0, 0, 0, 0, 0, 0, 0, 0, 0, 0, 0, 0, 0, 5, 0, 0, 0, 0, 0, 0, 0, 0, 0, 0, 0, 0, 0, 0, 0, 11, 0, 0, 0, 0, 0, 0, 0, 0, 0, 0, 0, 0, 0, 0, 0, 10, 0, 0, 0, 0, 0, 0, 0, 0, 0, 8, 0, 0, 0, 0, 0, 0, 0, 0, 0, 0, 0, 0, 0, 0, 0, 15, 0, 0, 0, 12, 0, 0, 0, 0, 0, 0, 0, 0, 0, 0, 0, 0, 0, 16, 0, 0, 0, 0, 0, 0, 10, 0, 0, 0, 0, 0, 0, 0, 0, 0, 0, 0, 0, 5, 0, 0, 0, 0, 0, 0, 0, 0, 9, 0, 0, 0, 0, 0, 0, 0, 0, 3, 0, 0, 0, 0, 0, 0, 0, 0, 0, 0, 0, 0, 0, 0, 3, 0, 0, 0, 0, 0, 0, 0, 0, 0, 0, 0, 0, 0, 2, 0, 15, 0, 0, 0, 0, 47, 0, 0, 0, 0, 0, 0, 0, 0, 0, 1, 8, 0, 0, 0, 0, 0, 0, 0, 0, 0, 0, 16, 0, 0, 0, 0, 0, 0, 0, 0, 0, 0, 0, 0, 0, 0, 0, 0, 0, 0, 0, 0, 0, 0, 0, 0, 0, 0, 0, 0, 0, 0, 5, 0, 18, 0, 0, 0, 0, 0, 0, 0, 0, 1, 0, 0, 0, 0, 0, 0, 0, 0, 0, 0, 0, 0, 0, 0, 0, 0, 0, 0, 0, 0, 0, 11, 0, 0, 0, 0, 0, 0, 0, 0, 0, 0, 2, 0, 0, 0, 0, 0, 0, 0, 0, 0, 0, 0, 0, 0, 0, 0, 0, 0, 0, 0, 0, 0, 0, 0, 0, 0, 0, 0, 0, 0, 0, 0, 0, 0, 0, 0, 0, 0, 0, 0, 0, 0, 0, 8, 0, 12, 0, 0, 0, 0, 0, 0, 0, 0, 7, 0, 0, 0, 0, 0, 0, 0, 0, 0, 9, 0, 4, 0, 0, 0, 0, 0, 0, 0, 0, 0, 0, 0, 0, 16, 0, 0, 0, 0, 0, 0, 0, 0, 0, 0, 0, 0, 0, 0, 16, 0, 0, 0, 8, 0, 27, 0, 0, 0, 0, 0, 0, 0, 0, 0, 0, 0, 0, 0, 0, 0, 0, 0, 0, 0, 0, 17, 0, 0, 12, 0, 0, 0, 0, 0, 0, 0, 0, 0, 0, 0, 0, 0, 0, 0, 0, 14, 0, 0, 0, 8, 0, 0, 0, 0, 0, 0, 0, 0, 0, 0, 0, 0, 0, 0, 0, 0, 0, 0, 0, 0, 0, 0, 0, 0, 0, 5, 0, 0, 0, 0, 0, 0, 0, 0, 0, 3, 0, 0, 0, 0, 0, 0, 0, 1, 0, 0, 0, 0, 0, 0, 0, 0, 0, 0, 0, 0, 0, 0, 0, 0, 0, 0, 0, 5, 0, 0, 0, 0, 0, 0, 0, 0, 0, 0, 0, 0, 19, 0, 0, 0, 0, 0, 0, 15, 0, 0, 0, 0, 0, 0, 0, 0, 0, 0, 0, 0, 0, 0, 0, 0, 1, 0, 0, 0, 0, 0, 0, 13, 0, 0, 0, 0, 0, 0, 0, 0, 0, 0, 0, 0, 0, 0, 0, 0, 0, 0, 0, 0, 0, 0, 0, 0, 15, 0, 0, 0, 0, 0, 0, 0, 0, 0, 0, 0, 0, 0, 0, 0, 0, 0, 0, 0, 0, 0, 0, 0, 0, 0, 0, 0, 0, 0, 0, 0, 0, 0, 0, 0, 0, 0, 0, 0, 0, 0, 0, 0, 0, 0, 0, 0, 0, 13, 0, 0, 0, 6, 0, 0, 0, 0, 0, 0, 0, 0, 0, 0, 0, 0, 0, 0, 0, 0, 0, 0, 0, 0, 0, 0, 0, 0, 7, 0, 0, 0, 0, 0, 0, 0, 0, 0, 0, 1, 0, 0, 0, 0, 0, 0, 0, 0, 0, 0, 0, 0, 0, 0, 0, 0, 0, 0, 3, 8, 0, 0, 0, 0, 0, 0, 0, 0, 0, 0, 13, 0, 0, 0, 0, 0, 0, 0, 0, 0, 0, 0, 0, 0, 0, 0, 0, 0, 0, 0, 0, 0, 0, 0, 0, 0, 13, 0, 0, 0, 0, 0, 0, 0, 0, 0, 0, 1, 0, 0, 0, 0, 0, 13, 0, 0, 0, 0, 0, 5, 0, 0, 0, 0, 0, 0, 0, 0, 9, 0, 0, 0, 0, 0, 0, 0, 0, 0, 0, 0, 0, 0, 0, 0, 0, 0, 0, 0, 0, 0, 0, 13, 0, 0, 0, 0, 0, 2, 0, 0, 0, 0, 0, 0, 0, 0, 0, 0, 0, 0, 0, 0, 0, 0, 0, 0, 0, 0, 2, 0, 0, 0, 0, 0, 0, 0, 0, 0, 0, 0, 0, 17, 0, 0, 0, 0, 0, 5, 0, 0, 0, 0, 0, 0, 0, 13, 3, 0, 0, 10, 15, 0, 0, 0, 0, 0, 0, 0, 0, 0, 0, 0, 0, 0, 0, 0, 0, 0, 0, 0, 0, 0, 0, 0, 17, 0, 0, 0, 0, 0, 0, 0, 0, 0, 0, 0, 0, 0, 0, 0, 0, 13, 0, 0, 0, 0, 0, 0, 0, 0, 0, 0, 0, 0, 0, 0, 0, 8, 0, 0, 0, 0, 0, 0, 1, 0, 0, 0, 0, 0, 5, 0, 9, 0, 0, 0, 0, 0, 0, 0, 0, 0, 0, 15, 0, 0, 0, 0, 0, 0, 0, 0, 0, 15, 0, 0, 0, 0, 0, 0, 0, 0, 0, 14, 0, 0, 0, 0, 0, 0, 0, 0, 9, 0, 0, 0, 0, 0, 0, 0, 0, 0, 0, 0, 0, 5, 0, 0, 0, 0, 0, 6, 15, 0, 0, 0, 0, 11, 0, 0, 0, 0, 0, 12, 0, 0, 0, 0, 0, 0, 0, 0, 0, 0, 0, 12, 0, 0, 0, 0, 0, 6, 0, 0, 0, 0, 0, 0, 0, 0, 0, 0, 0, 0, 0, 0, 0, 0, 0, 0, 0, 0, 0, 0, 31, 0, 0, 6, 8, 0, 0, 0, 0, 0, 0, 0, 0, 0, 0, 0, 0, 0, 0, 0, 0, 0, 0, 0, 0, 0, 0, 0, 7, 0, 0, 0, 0, 0, 50, 0, 0, 0, 0, 0, 0, 0, 0, 0, 0, 0, 1, 0, 0, 0, 2, 0, 7, 10, 0, 0, 0, 25, 0, 6, 22, 14, 4, 6, 0, 6, 14, 0, 0, 0, 0, 5, 8, 4, 0, 25, 0, 0, 60, 0, 0, 0, 0, 0, 4, 0, 0, 0, 1, 0, 0, 0, 8, 5, 0, 0, 0, 0, 7, 9, 0, 9, 0, 0, 0, 0, 8, 0, 0, 0, 0, 0, 9, 0, 0, 0, 0, 10, 5, 15, 0, 65, 0, 0, 0, 0, 0, 0, 9, 0, 0, 8, 0, 0, 0, 0, 4, 0, 0, 1, 0, 0, 14, 0, 0, 0, 0, 0, 0, 0, 10, 0, 0, 0, 9, 0, 0, 0, 0, 0, 6, 0, 0, 0, 21, 5, 26, 0, 16, 0, 0, 0, 0, 43, 0, 0, 0, 0, 0, 0, 0, 2, 10, 8, 2, 0, 12, 0, 0, 0, 0, 0, 0, 12, 0, 0, 3, 0, 0, 0, 6, 7, 17, 0, 0, 1, 0, 0, 41, 0, 0, 14, 34, 0, 0, 0, 0, 0, 0, 5, 0, 0, 1, 0, 0, 0, 0, 0, 0, 8, 17, 42, 12, 0, 0, 0, 0, 0, 0, 0, 0, 0, 0, 0, 0, 0, 0, 0, 0, 13, 0, 0, 0, 9, 0, 0, 0, 1, 0, 0, 40, 24, 20, 0, 0, 0, 0, 4, 0, 1, 30, 0, 0, 0, 0, 8, 0, 8, 0, 0, 0, 0, 0, 0, 6, 0, 0, 0, 0, 10, 0, 2, 15, 0, 0, 0, 0, 24, 0, 0, 0, 0, 0, 0, 13, 0, 0, 0, 0, 0, 1, 0, 0, 0, 11, 0, 19, 0, 0, 0, 0, 0, 0, 0, 25, 10, 0, 6, 0, 0, 0, 6, 0, 0, 0, 0, 0, 48, 0, 2, 0, 0, 0, 8, 0, 0, 20, 1, 0, 0, 0, 0, 0, 22, 0, 0, 0, 0, 7, 0, 0, 5, 0, 0, 0, 0, 0, 9, 0, 0, 0, 13, 0, 0, 0, 0, 0, 0, 0, 0, 0, 7, 0, 0, 0, 2, 10, 0, 0, 0, 12, 0, 3, 0, 0, 0, 0, 38, 0, 0, 0, 2, 0, 8, 0, 0, 0, 0, 19, 0, 0, 0, 2, 0, 0, 0, 0, 0, 0, 12, 0, 4, 0, 0, 0, 46, 0, 0, 17, 0, 6, 0, 7, 0, 0, 0, 0, 0, 20, 0, 0, 0, 0, 0, 0, 27, 0, 0, 2, 0, 0, 0, 0, 0, 6, 0, 0, 14, 0, 0, 0, 0, 0, 0, 0, 0, 28, 1, 11, 0, 7, 0, 0, 0, 6, 0, 10, 0, 0, 0, 2, 0, 0, 29, 0, 0, 16, 0, 0, 0, 14, 0, 0, 0, 2, 0, 0, 0, 13, 0, 0, 0, 0, 0, 0, 0, 50, 0, 0, 0, 0, 5, 0, 0, 0, 0, 0, 0, 0, 0, 0, 0, 0, 0, 0, 0, 0, 8, 0, 0, 0, 0, 0, 0, 26, 0, 16, 5, 0, 0, 0, 7, 16, 0, 0, 7, 0, 16, 3, 0, 12, 0, 0, 0, 0, 0, 0, 8, 0, 0, 0, 0, 0, 7, 0, 0, 7, 11, 0, 4, 0, 21, 0, 14, 0, 71, 13, 3, 0, 0, 0, 0, 10, 1, 0, 0, 0, 0, 0, 0, 7, 0, 0, 0, 6, 0, 0, 0, 0, 0, 0, 0, 0, 0, 0, 0, 0, 0, 0, 3, 0, 0, 0, 0, 0, 0, 5, 0, 0, 0, 0, 0, 1, 0, 0, 0, 0, 26, 0, 0, 0, 0, 0, 0, 0, 0, 0, 10, 0, 34, 1, 1, 21, 0, 0, 0, 0, 0, 0, 0, 0, 0, 0, 0, 13, 16, 0, 0, 0, 0, 11, 0, 0, 0, 0, 0, 0, 10, 0, 5, 0, 13, 9, 0, 0, 0, 4, 0, 0, 0, 0, 0, 15, 2, 0, 0, 0, 0, 0, 0, 0, 0, 0, 0, 0, 8, 0, 0, 0, 0, 15, 0, 34, 0, 0, 0, 0, 0, 0, 0, 0, 37, 0, 0, 0, 0, 0, 0, 12, 9, 0, 0, 0, 0, 0, 0, 0, 0, 0, 0, 20, 13, 0, 0, 0, 0, 7, 0, 0, 4, 0, 2, 0, 0, 0, 0, 0, 0, 0, 0, 0, 0, 0, 0, 17, 0, 0, 0, 2, 0, 0, 0, 0, 69, 0, 0, 3, 0, 95, 0, 0, 0, 0, 14, 0, 0, 0, 0, 0, 0, 3, 0, 0, 3, 0, 0, 7, 0, 0, 0, 15, 7, 0, 0, 0, 5, 0, 0, 0, 0, 0, 0, 0, 0, 0, 5, 7, 0, 0, 0, 0, 7, 0, 0, 0, 41, 11, 0, 0, 7, 0, 34, 0, 0, 0, 0, 0, 0, 0, 0, 0, 0, 0, 0, 0, 37, 0, 0, 0, 0, 0, 0, 0, 0, 40, 0, 0, 0, 0, 0, 0, 0, 0, 0, 0, 0, 3, 0, 0, 0, 15, 0, 0, 0, 0, 15, 0, 0, 0, 0, 0, 0, 0, 0, 0, 0, 0, 0, 20, 0, 6, 0, 0, 0, 0, 0, 0, 0, 0, 0, 0, 0, 0, 0, 0, 0, 0, 0, 0, 0, 0, 0, 0, 0, 0, 0, 0, 0, 0, 0, 0, 5, 0, 0, 0, 0, 0, 0, 89, 1, 0, 0, 0, 1, 0, 0, 0, 0, 14, 0, 0, 0, 0, 0, 0, 0, 0, 0, 0, 0, 0, 0, 0, 0, 5, 0, 0, 5, 0, 0, 0, 0, 0, 7, 0, 0, 13, 5, 0, 0, 0, 18, 0, 15, 20, 0, 0, 0, 0, 0, 0, 0, 0, 1, 0, 0, 0, 0, 0, 0, 0, 0, 0, 66, 0, 0, 0, 1, 0, 0, 0, 0, 0, 0, 0, 0, 0, 0, 0, 0, 0, 0, 0, 3, 0, 0, 0, 36, 0, 0, 0, 0, 10, 0, 38, 0, 8, 0, 0, 0, 0, 0, 0, 0, 0, 0, 0, 0, 0, 0, 0, 2, 0, 0, 0, 0, 0, 0, 0, 0, 0, 0, 4, 0, 3, 0, 0, 0, 0, 0, 0, 0, 0, 0, 0, 0, 2, 0, 0, 0, 0, 0, 0, 0, 0, 0, 12, 11, 25, 0, 0, 4, 0, 0, 0, 6, 0, 0, 29, 0, 0, 0, 0, 1, 0, 0, 14, 0, 9, 3, 32, 0, 0, 1, 2, 5, 6, 0, 18, 0, 0, 0, 0, 0, 0, 0, 0, 0, 0, 0, 0, 0, 0, 0, 0, 0, 0, 0, 13, 0, 77, 11, 0, 0, 0, 0, 0, 0, 0, 0, 0, 0, 0, 0, 0, 0, 0, 0, 0, 0, 1, 0, 0, 0, 0, 0, 13, 2, 0, 6, 10, 0, 0, 0, 0, 15, 0, 0, 0, 0, 0, 0, 0, 0, 2, 14, 0, 0, 0, 33, 7, 15, 0, 1, 0, 0, 7, 0, 0, 0, 1, 0, 0, 29, 21, 0, 4, 0, 0, 0, 6, 0, 4, 2, 0, 0, 0, 0, 0, 45, 0, 0, 2, 0, 0, 0, 0, 0, 0, 0, 25, 0, 0, 0, 0, 0, 0, 0, 0, 0, 0, 0, 1, 0, 0, 4, 0, 0, 0, 0, 0, 0, 0, 0, 8, 10, 0, 5, 31, 17, 7, 0, 0, 0, 0, 0, 0, 0, 0, 9, 0, 15, 13, 0, 0, 5, 0, 0, 0, 2, 13, 0, 0, 0, 0, 0, 0, 0, 0, 0, 11, 0, 27, 6, 0, 0, 14, 13, 15, 0, 0, 0, 0, 0, 2, 0, 0, 0, 31, 0, 3, 0, 0, 7, 0, 9, 8, 0, 0, 0, 0, 0, 0, 1, 16, 0, 0, 3, 0, 0, 0, 0, 0, 0, 19, 0, 0, 0, 0, 0, 0, 10, 11, 0, 0, 0, 0, 0, 0, 0, 0, 0, 22, 12, 0, 0, 0, 0, 0, 0, 0, 0, 1, 0, 0, 47, 0, 0, 0, 0, 0, 0, 0, 54, 0, 2, 0, 0, 0, 13, 0, 0, 0, 0, 0, 14, 0, 0, 0, 0, 0, 0, 0, 0, 15, 0, 0, 62, 0, 0, 0, 0, 13, 6, 0, 0, 0, 0, 0, 0, 10, 0, 0, 0, 0, 0, 0, 0, 0, 0, 0, 0, 0, 0, 0, 20, 0, 0, 0, 2, 0, 43, 0, 0, 0, 18, 4, 0, 4, 9, 0, 0, 0, 0, 0, 4, 18, 0, 4, 0, 0, 14, 0, 0, 0, 0, 0, 0, 1, 0, 0, 5, 0, 6, 1, 0, 0, 0, 0, 0, 0, 0, 3, 0, 2, 0, 0, 0, 0, 0, 15, 5, 0, 0, 0, 0, 0, 0, 0, 0, 0, 0, 0, 0, 0, 0, 0, 0, 0, 0, 0, 0, 0, 0, 0, 0, 0, 0, 0, 0, 0, 0, 0, 0, 0, 2, 19, 0, 0, 7, 0, 0, 0, 0, 0, 0, 0, 0, 4, 0, 12, 0, 2, 0, 0, 0, 0, 0, 0, 2, 8, 0, 0, 9, 0, 0, 0, 0, 0, 0, 0, 0, 0, 0, 1, 0, 0, 0, 0, 0, 0, 0, 0, 0, 0, 5, 0, 3, 0, 8, 0, 0, 0, 0, 0, 0, 0, 0, 0, 0, 0, 0, 0, 0, 0, 0, 12, 0, 0, 1, 0, 16, 0, 0, 0, 0, 0, 0, 0, 11, 0, 4, 1, 0, 0, 0, 0, 0, 1, 0, 0, 0, 3, 6, 0, 0, 0, 0, 10, 0, 0, 4, 0, 0, 0, 0, 0, 0, 0, 0, 0, 0, 0, 0, 4, 18, 0, 16, 10, 5, 0, 0, 0, 15, 2, 23, 0, 0, 0, 0, 0, 6, 0, 0, 0, 0, 2, 0, 0, 0, 11, 0, 20, 0, 0, 0, 0, 0, 0, 0, 0, 0, 0, 0, 0, 34, 0, 0, 0, 0, 0, 0, 0, 18, 0, 0, 0, 0, 20, 0, 0, 11, 0, 17, 0, 0, 13, 0, 0, 0, 4, 0, 0, 0, 8, 0, 0, 0, 0, 0, 0, 0, 0, 0, 0, 0, 0, 12, 0, 0, 0, 0, 0, 0, 0, 15, 0, 0, 0, 0, 0, 44, 1, 4, 0, 0, 0, 1, 9, 0, 49, 0, 0, 20, 0, 0, 0, 0, 0, 0, 0, 0, 0, 0, 0, 0, 0, 0, 0, 1, 0, 0, 0, 12, 19, 0, 0, 0, 0, 6, 0, 12, 0, 0, 0, 0, 0, 0, 0, 0, 0, 0, 0, 0, 0, 0, 0, 0, 0, 0, 0, 6, 4, 0, 0, 0, 0, 0, 0, 0, 0, 8, 0, 0, 0, 0, 0, 0, 0, 0, 0, 0, 0, 44, 0, 0, 25, 0, 0, 0, 0, 0, 7, 0, 0, 0, 0, 1, 0, 1, 0, 0, 0, 0, 0, 13, 0, 0, 0, 0, 0, 0, 16, 0, 0, 0, 0, 2, 0, 0, 0, 0, 0, 0, 42, 0, 0, 11, 0, 0, 0, 0, 3, 0, 0, 40, 0, 0, 0, 0, 0, 0, 6, 0, 0, 0, 0, 0, 16, 5, 0, 0, 0, 0, 7, 0, 0, 0, 0, 0, 0, 0, 0, 0, 0, 0, 0, 0, 0, 0, 0, 0, 0, 0, 0, 0, 0, 0, 0, 0, 0, 0, 0, 0, 0, 0, 15, 0, 0, 0, 0, 18, 10, 0, 0, 0, 0, 0, 0, 0, 0, 0, 0, 4, 17, 0, 0, 0, 0, 32, 0, 0, 0, 0, 0, 1, 3, 7, 0, 0, 14, 0, 0, 0, 6, 0, 0, 0, 0, 0, 0, 0, 0, 0, 0, 0, 0, 0, 0, 0, 0, 0, 0, 0, 0, 0, 0, 2, 0, 0, 0, 0, 0, 0, 110, 6, 0, 0, 18, 0, 0, 0, 3, 0, 0, 0, 0, 5, 0, 0, 7, 0, 0, 0, 16, 0, 0, 0, 7, 0, 34, 13, 0, 0, 0, 15, 0, 0, 0, 0, 0, 0, 3, 0, 0, 0, 0, 0, 0, 0, 0, 0, 11, 0, 0, 0, 0, 1, 0, 0, 0, 1, 4, 0, 6, 0, 24, 0, 27, 0, 12, 0, 0, 7, 0, 0, 1, 0, 0, 0, 0, 2, 0, 0, 0, 0, 12, 0, 0, 0, 7, 0, 0, 0, 1, 4, 0, 1, 0, 0, 0, 0, 0, 6, 0, 3, 8, 0, 0, 0, 11, 0, 0, 0, 1, 0, 0, 0, 0, 0, 0, 0, 0, 1, 16, 0, 0, 0, 27, 0, 0, 7, 0, 0, 0, 0, 0, 0, 8, 0, 0, 0, 1, 0, 0, 2, 1, 0, 0, 0, 0, 0, 0, 0, 0, 0, 0, 0, 0, 0, 0, 0, 0, 1, 0, 0, 0, 0, 0, 1, 0, 3, 0, 0, 13, 0, 0, 0, 0, 2, 0, 0, 0, 0, 0, 0, 0, 0, 38, 12, 0, 0, 0, 0, 1, 1, 0, 0, 0, 0, 0, 0, 0, 0, 0, 20, 0, 2, 0, 0, 8, 0, 29, 0, 0, 0, 0, 0, 0, 0, 0, 9, 0, 0, 2, 0, 0, 0, 0, 0, 0, 0, 3, 0, 0, 1, 9, 0, 0, 0, 39, 0, 0, 0, 0, 0, 0, 0, 0, 0, 0, 0, 5, 7, 1, 0, 0, 0, 0, 0, 4, 0, 0, 0, 0, 0, 0, 10, 0, 0, 0, 0, 0, 0, 1, 0, 0, 11, 0, 0, 0, 3, 0, 0, 0, 0, 0, 0, 0, 52, 0, 0, 0, 0, 46, 0, 1, 0, 0, 0, 0, 1, 17, 4, 3, 0, 0, 0, 0, 0, 0, 5, 25, 0, 0, 0, 0, 0, 0, 0, 0, 0, 21, 13, 0, 0, 0, 0, 0, 0, 0, 0, 0, 33, 0, 0, 0, 0, 0, 0, 0, 19, 0, 5, 0, 0, 0, 12, 67, 7, 0, 5, 0, 0, 3, 0, 0, 0, 0, 0, 0, 0, 0, 0, 0, 0, 3, 0, 0, 1, 0, 12, 30, 0, 0, 0, 0, 0, 0, 0, 0, 0, 0, 0, 0, 0, 0, 0, 0, 17, 0, 0, 0, 5, 0, 0, 0, 0, 1, 0, 0, 0, 0, 0, 0, 8, 0, 0, 0, 2, 0, 0, 0, 0, 0, 0, 0, 2, 0, 0, 0, 0, 0, 6, 0, 0, 0, 0, 0, 0, 1, 0, 0, 0, 0, 3, 0, 0, 2, 0, 22, 0, 3, 0, 0, 0, 0, 0, 0, 0, 73, 0, 0, 0, 0, 8, 0, 0, 0, 0, 0, 0, 0, 0, 1, 0, 0, 0, 9, 0, 0, 0, 0, 0, 0, 31, 0, 9, 0, 0, 0, 0, 0, 0, 0, 0, 2, 0, 0, 1, 0, 0, 0, 0, 12, 0, 0, 0, 0, 0, 0, 0, 0, 13, 0, 0, 0, 0, 5, 0, 0, 0, 0, 0, 0, 0, 0, 0, 0, 0, 0, 27, 0, 21, 0, 0, 14, 0, 0, 3, 0, 0, 0, 0, 0, 4, 0, 2, 0, 2, 0, 12, 4, 0, 0, 0, 0, 0, 13, 0, 0, 0, 0, 0, 0, 0, 0, 0, 0, 0, 1, 0, 0, 0]

93.0
67.8

92.6
66.8


83.7
69.6


91.4
70.7


88.3
70.2



80.7
63.0



Forest start
5%
76.1
65.5

10%
78.9
68.4

15%
77.2
66.3

20%
77.4
66.10000000000001

25%
76.1
65.10000000000001

30%
76.9
66.3

---------------------------------------------------------------------

Effect of number of trees in the forest on train and test accuracies
1 Trees
Train acc  90.2
Test acc  70.6
5 Trees
Train acc  62.7
Test acc  72.39999999999999


10 Trees
Train acc  65.0
Test acc  75.5


15 Trees
Train acc  62.3
Test acc  74.0


20 Trees
Train acc  64.7
Test acc  76.5


25 Trees
Train acc  62.8
Test acc  74.2
30 Trees
Train acc  62.6
Test acc  75.2


70292 6
42457 6
26330 6
51921 6
17161 6
42825 6
70595 6
71866 6
44828 6
39263 6
3136 6
35825 6
58483 6
17669 6
45158 6
23337 6
28622 6
39203 6
34487 6
70274 6
69632 6
68901 6
45716 6
45120 6
73184 6
10329 12
80983 6
29459 6
44884 6
54867 6
48382 6
25965 6
48902 6
25506 6
32789 6
41335 6
54958 6
43374 6
81278 6
72651 6
20123 6
22266 6
49273 6
67001 6
49674 6
58769 6
68891 6
23477 6
32222 6
40285 6
23074 6
26824 6
19386 6
50820 6
16818 6
5326 6
48817 6
45064 6
68204 6
86839 6
36961 6
39143 6
29018 6
22979 6
12030 6
3451 6
72704 6
17531 6
28082 6
34351 6
3123 6
22409 6
20468 6
23266 6
28803 6
49601 6
81808 6
20364 6
55558 6
3485 18
31383 6
24694 6
25341 6
27460 6
37904 6
35649 6
40562 6
61105 6
31400 6
72230 6
12918 6
21571 6
84700 6
41233 6
46544 6
72547 6
20221 6
43373 6
44473 6
20691 6
54632 6
24470 6
3533 18
58648 6
61557 6
23019 6
11248 6
12145 12
8957 6
6621 6
31325 6
3546 6
2278 6
344 24
5046 12
7527 6
27145 6
3524 6
3285 12
79010 6
21535 6
3477 6
40118 6
2947 6
20397 6
6568 6
6571 6
16331 6
7670 6
13279 6
3671 6
6241 6
24432 6
41304 6
6174 12
7126 12
5334 6
2075 12
9079 6
407 18
67684 6
7594 6
11099 6
6999 6
1505 18
85303 6
9746 6
813 18
27161 6
9519 12
15708 6
4083 6
868 24
30404 6
9158 6
26925 6
11095 6
5078 6
2094 18
4400 6
45297 6
5908 6
2187 18
3415 6
11410 6
5245 12
23997 6
18458 6
427 24
32008 6
25622 6
3380 18
7177 6
43326 6
1897 6
1173 24
46879 6
4755 12
6504 6
3850 12
5009 6
25307 6
439 36
27473 6
4705 6
2252 24
20671 6
13367 6
4222 6
31467 6
11157 6
3516 12
30584 6
2362 6
734 36
3979 6
1956 12
20708 6
8013 6
3942 12
2006 30
26282 6
1814 30
1456 18
18463 6
10687 6
2694 6
4401 12
42168 6
3720 6
11573 6
9889 6
5084 6
23673 6
2458 6
9419 6
4380 6
12078 6
12962 6
1338 18
9150 6
2256 12
4067 6
7499 6
17985 6
1020 18
897 12
4757 6
267 66
3934 12
16017 6
2421 12
6584 6
3424 6
8278 6
1103 12
4152 18
19293 6
2120 12
5679 12
34103 6
4323 12
16329 6
953 18
1270 12
41198 6
1606 12
4953 6
2068 6
19024 6
6344 6
62996 6
66749 6
23822 6
10172 6
2689 12
17034 6
30369 6
2751 12
9721 6
18627 12
11904 6
373 18
14480 6
15518 6
8536 6
15802 6
8586 6
4789 6
581 18
2299 6
3135 18
20580 6
4280 6
18856 6
5987 6
240 6
1479 18
5251 6
12151 12
6862 6
23480 6
363 24
17313 6
1627 12
14744 6
15730 6
1527 18
16813 6
11823 6
1016 18
2922 6
5244 6
3450 6
2443 6
5375 18
3284 6
77 18
24935 6
34036 6
8109 6
598 12
29871 6
1014 18
2289 12
5466 6
3406 6
691 6
14651 6
9707 12
33266 6
768 18
15184 6
32936 6
5070 6
2290 6
5465 6
3182 12
1179 12
3768 6







